Все биграммы для ряда: 5228960370172144837798603805535901630785025405300501612997398975733759188073386567250143372977603853
   0  1  2  3  4  5  6  7  8  9
0  1  4  1  3  0  3  0  2  0  0
1  0  0  1  0  2  0  2  1  1  0
2  0  1  1  0  0  2  0  0  1  2
3  2  0  0  3  0  1  0  4  3  1
4  1  0  0  1  1  0  0  0  1  0
5  3  0  1  3  1  1  1  1  0  2
6  3  1  0  1  0  1  0  1  0  0
7  1  0  3  3  0  2  1  2  1  1
8  2  0  0  1  0  2  2  0  1  2
9  1  1  0  0  0  0  1  3  2  1

Все биграммы для ряда: 6812150100638551700960480914056206733868667822064707507310621115361450170879542817221350342695046344
   0  1  2  3  4  5  6  7  8  9
0  2  2  0  1  2  1  4  2  1  2
1  2  2  1  1  2  2  0  3  0  0
2  2  3  2  0  0  0  1  0  1  0
3  0  1  0  1  2  1  1  0  2  0
4  1  0  2  0  1  1  1  1  1  0
5  5  1  0  1  1  1  1  0  0  0
6  1  1  2  2  1  0  1  2  2  1
7  3  0  1  2  0  1  0  0  1  1
8  1  2  1  0  0  1  2  1  0  0
9  0  1  0  0  0  2  1  0  0  0

Все биграммы для ряда: 0917221447995099222497248233489070345778099926762466429402760238838369447979418476654947242313525082
   0  1  2  3  4  5  6  7  8  9
0  0  0  2  1  0  0  0  1  1  3
1  0  0  0  1  1  0  0  1  1  0
2  0  1  3  3  4  1  1  1  0  1
3  0  1  0  1  2  1  1  0  2  0
4  1  1  2  0  2  1  1  4  2  2
5  2  0  1  0  1  0  0  1  0  0
6  1  0  1  0  1  1  2  1  0  1
7  1  0  3  0  0  0  3  1  1  3
8  1  0  2  2  1  0  0  0  1  1
9  1  1  2  0  4  1  0  2  0  4

Все биграммы для ряда: 2110822810348268902201896639105764314388379558259124179814824164290975503569871373161005140609053909
   0  1  2  3  4  5  6  7  8  9
0  1  1  1  2  0  3  1  0  1  3
1  4  1  1  1  3  0  2  1  1  0
2  1  1  2  0  2  1  1  0  1  1
3  0  2  0  0  1  1  0  2  1  2
4  1  2  1  2  0  0  0  0  2  0
5  1  1  0  1  0  2  1  1  1  1
6  1  1  0  1  2  0  1  0  1  1
7  0  1  0  1  0  1  1  0  0  2
8  0  2  4  1  0  0  0  1  1  2
9  4  2  0  0  0  1  1  1  2  0

Все биграммы для ряда: 7541238653493161538025747389824336302639950716679920971168911484630760119078021933389110379610510919
   0  1  2  3  4  5  6  7  8  9
0  0  1  3  1  0  1  0  3  0  2
1  3  4  1  0  1  1  3  0  0  3
2  1  1  0  1  1  1  1  0  0  0
3  2  1  0  3  1  0  1  1  4  1
4  0  1  0  1  0  0  1  1  1  1
5  1  1  0  2  1  0  0  1  0  0
6  1  2  0  3  0  1  1  1  1  0
7  0  2  0  1  1  1  1  0  1  2
8  2  0  1  0  1  0  1  0  0  3
9  1  3  1  2  0  1  1  1  1  2

Все биграммы для ряда: 8494697622389557429521286983941395647431497089705794956192519231157901053606967853339411793699356819
   0  1  2  3  4  5  6  7  8  9
0  0  1  0  0  0  2  1  0  1  0
1  1  2  1  1  1  1  0  1  0  3
2  0  1  1  2  0  1  0  0  1  1
3  0  2  0  2  0  1  2  0  1  3
4  0  2  1  1  0  0  1  1  0  3
5  0  1  1  2  0  1  3  3  0  0
6  1  1  1  0  1  0  0  1  1  4
7  2  0  0  0  2  0  1  0  1  3
8  0  1  0  1  1  1  1  0  0  2
9  1  0  2  2  4  4  1  3  1  1

Все биграммы для ряда: 2676015821300707916205148909391389619297760048028737754621421855617223929934097240317271885211564568
   0  1  2  3  4  5  6  7  8  9
0  2  1  1  1  1  1  0  2  0  2
1  0  1  0  2  2  2  1  2  2  1
2  1  4  1  1  1  0  1  1  1  2
3  1  1  0  0  1  0  0  1  1  2
4  2  0  1  0  0  1  1  0  2  0
5  0  1  1  0  1  1  3  0  1  0
6  2  2  2  0  1  0  0  1  1  0
7  1  1  3  1  0  1  2  2  0  1
8  1  0  1  0  0  2  0  1  1  2
9  1  2  2  2  0  0  1  2  0  1

Все биграммы для ряда: 6886246303204274428983410839010187256581487299500217144279090296761307288982191782175130620778449672
   0  1  2  3  4  5  6  7  8  9
0  1  2  2  1  1  0  1  2  1  1
1  2  0  0  2  2  0  0  3  1  1
2  2  3  0  0  1  1  0  2  2  2
3  3  0  1  0  1  0  0  0  0  1
4  0  1  3  0  3  0  1  0  1  1
5  1  1  0  0  0  0  1  0  1  0
6  0  1  2  1  0  1  0  2  1  0
7  0  1  4  0  1  1  1  1  2  1
8  0  1  2  2  1  0  1  2  2  2
9  3  1  0  0  0  1  2  0  2  1

Все биграммы для ряда: 0072281008642104222419517225843950650199354467040750551975538368348375373278885461850126309341335612
   0  1  2  3  4  5  6  7  8  9
0  2  2  0  0  2  1  1  2  1  1
1  2  0  2  1  0  0  0  1  1  3
2  0  1  4  0  1  1  1  1  1  0
3  1  0  1  1  2  2  1  2  1  1
4  1  2  2  1  1  0  2  0  1  0
5  4  2  0  2  2  2  1  0  1  0
6  0  2  0  1  1  1  0  1  1  0
7  1  0  2  1  0  3  0  0  1  0
8  0  1  0  3  1  2  1  0  2  0
9  0  0  0  2  0  2  0  1  0  1

Все биграммы для ряда: 0202610319887081730276225102968770203418281576217149320574652683724233794180443681499901744199402358
   0  1  2  3  4  5  6  7  8  9
0  0  1  6  2  1  1  0  0  1  0
1  2  0  0  0  2  1  0  3  2  2
2  3  1  1  2  1  1  2  1  1  1
3  1  1  1  1  1  1  1  2  0  0
4  1  3  1  1  2  0  1  0  0  2
5  0  1  1  0  0  0  0  2  1  0
6  0  1  2  0  0  1  0  0  3  0
7  2  1  1  1  2  0  2  1  0  1
8  1  3  1  1  0  0  0  2  1  0
9  1  0  0  1  2  0  1  0  1  3

Все биграммы для ряда: 9127107916327267826080505817802140679206029238040672683544970800322102636838046203526291813987720818
   0  1  2  3  4  5  6  7  8  9
0  1  0  3  2  2  2  3  1  3  0
1  2  0  1  1  1  0  1  1  2  0
2  3  2  1  1  0  0  5  2  0  2
3  0  0  2  0  0  2  1  0  2  1
4  2  0  0  0  1  0  1  0  0  1
5  1  0  1  0  1  0  0  0  1  0
6  2  0  2  2  0  0  0  3  2  0
7  1  1  3  0  0  0  0  1  2  2
8  5  3  1  2  0  0  0  1  0  0
9  0  3  2  0  0  0  0  1  1  0

Все биграммы для ряда: 3780207796640918287153007548988746546098792150173655863504412343693736135251397999403504365161837264
   0  1  2  3  4  5  6  7  8  9
0  1  1  1  1  2  0  0  2  0  2
1  0  0  1  2  0  2  1  1  2  0
2  1  1  0  1  0  1  1  0  1  0
3  1  0  0  0  1  3  4  3  0  1
4  2  1  0  2  1  0  2  0  1  0
5  3  2  1  1  2  1  0  0  1  0
6  1  2  0  1  2  3  1  0  0  1
7  0  1  1  2  1  1  0  1  1  3
8  1  0  1  1  0  0  1  3  1  1
9  0  1  1  1  1  0  1  1  2  2

Все биграммы для ряда: 3226436724473208261448767962881266526431883312149691597185323680612602932420525180468275811914110194
   0  1  2  3  4  5  6  7  8  9
0  0  1  1  0  1  1  1  0  1  0
1  1  2  3  0  3  1  0  0  3  2
2  2  1  1  1  2  1  5  1  1  1
3  0  2  4  1  0  0  2  0  0  0
4  0  1  1  2  2  0  1  1  1  1
5  0  1  2  1  0  0  0  0  1  1
6  1  2  1  0  2  1  1  2  2  1
7  0  1  1  1  0  1  1  0  0  1
8  2  2  2  1  0  1  0  1  2  0
9  0  2  0  1  1  0  2  1  0  0

Все биграммы для ряда: 7311879087421430309528216259229843482104924377821716942687325749399110736269696615624751046412251197
   0  1  2  3  4  5  6  7  8  9
0  0  0  0  1  2  0  0  1  1  1
1  3  3  1  0  1  1  2  1  1  1
2  0  4  2  0  2  3  2  0  1  1
3  2  1  1  0  1  0  1  1  0  1
4  0  1  2  3  0  0  1  1  1  2
5  0  2  1  0  0  0  1  1  0  1
6  0  1  3  0  1  0  1  0  1  3
7  0  1  0  3  2  1  0  1  1  1
8  0  0  3  0  1  0  0  3  0  0
9  1  1  2  1  1  1  2  1  1  1

Все биграммы для ряда: 6760801282816405654771598060024402107873133813601414463491994828962983194367654791852008358902688242
   0  1  2  3  4  5  6  7  8  9
0  2  2  3  0  0  1  1  1  2  0
1  1  0  1  2  2  1  1  0  1  2
2  1  1  0  0  2  0  1  0  3  1
3  0  2  0  1  1  1  2  0  1  0
4  2  1  1  1  2  0  1  2  1  1
5  0  0  1  0  2  0  1  0  1  1
6  3  0  1  1  1  2  0  2  1  0
7  0  1  0  1  0  0  2  1  1  1
8  2  2  3  2  0  1  0  1  1  2
9  1  2  0  0  2  0  1  0  2  1

Все биграммы для ряда: 9835961553858699323504003889362298356032861809358939441648212360955011280460455402210626697327647565
   0  1  2  3  4  5  6  7  8  9
0  1  1  1  2  3  0  1  0  0  2
1  1  1  2  0  0  1  1  0  1  0
2  0  2  2  2  0  0  1  1  2  1
3  0  0  3  0  0  4  2  0  2  1
4  2  1  0  0  1  1  1  1  1  0
5  2  0  0  1  1  3  2  0  2  1
6  3  2  2  0  2  1  1  0  0  2
7  0  0  0  1  0  1  1  0  0  0
8  2  0  1  2  0  1  2  0  1  2
9  0  0  0  4  1  1  1  1  2  1

Все биграммы для ряда: 0358576945426997912765234885854316937220096284429275144925868488160605032021722461222594316079805365
   0  1  2  3  4  5  6  7  8  9
0  1  0  1  2  0  2  1  1  0  1
1  0  0  2  0  1  0  3  1  0  0
2  2  1  4  1  1  2  1  2  1  1
3  0  2  1  0  1  1  1  1  0  0
4  0  0  2  2  2  1  1  0  2  1
5  1  1  1  1  2  0  0  1  3  1
6  3  1  1  0  0  2  0  0  1  3
7  0  0  2  0  0  1  2  0  0  2
8  1  1  0  0  2  3  1  0  2  0
9  0  1  2  1  2  0  1  1  1  1

Все биграммы для ряда: 8053379238999461717295432008086461093734058660187755804847684753472878193799031203154193661042817615
   0  1  2  3  4  5  6  7  8  9
0  1  1  0  2  2  2  0  0  2  1
1  2  0  1  0  0  2  0  3  1  2
2  2  0  0  1  0  0  0  0  2  1
3  0  2  1  1  2  0  1  3  1  0
4  1  1  1  1  0  0  2  3  1  0
5  0  0  0  2  2  1  0  0  2  0
6  1  4  0  0  1  0  2  0  1  0
7  0  1  2  1  0  2  2  1  1  2
8  3  2  0  0  2  0  2  2  0  1
9  1  0  1  3  1  1  0  0  0  3

Все биграммы для ряда: 3398422021425724257626787603068468925739800007664829288280095685022984935190202191160840075243354871
   0  1  2  3  4  5  6  7  8  9
0  5  0  4  1  0  0  1  2  1  1
1  0  1  0  0  1  0  1  0  0  2
2  2  2  2  0  2  3  1  0  2  2
3  1  0  0  2  0  2  0  0  0  2
4  1  0  3  1  0  0  1  0  2  1
5  1  1  1  0  1  0  1  3  0  0
6  2  0  1  0  1  0  1  1  3  0
7  0  1  1  1  0  1  3  0  1  0
8  2  0  2  0  4  1  0  2  1  1
9  1  1  2  1  0  1  0  0  3  0

Все биграммы для ряда: 4401530640700417372495817110686038883672819963641739038475135030877861534602040216589612504700874421
   0  1  2  3  4  5  6  7  8  9
0  2  1  2  3  3  0  2  1  2  0
1  1  1  1  1  0  2  1  3  0  1
2  1  2  0  0  1  1  0  0  1  0
3  2  0  0  0  1  1  2  1  2  1
4  3  2  1  0  2  0  1  2  0  1
5  2  1  0  2  0  0  0  0  2  0
6  2  2  0  1  2  1  0  1  1  0
7  2  1  2  2  1  1  0  1  1  0
8  0  2  0  1  1  0  2  2  2  1
9  1  0  0  0  0  1  2  0  0  1

Все биграммы для ряда: 2865452446887119632504757936695141096326998931238879409752499440981684543163614402667428647906515119
   0  1  2  3  4  5  6  7  8  9
0  0  0  1  0  1  0  1  0  0  3
1  1  2  1  0  2  1  2  0  0  2
2  0  0  0  1  2  1  2  0  2  0
3  0  2  2  0  0  0  2  0  1  0
4  3  1  1  1  3  2  1  2  0  1
5  1  3  2  0  2  0  0  1  0  0
6  0  1  0  3  1  2  2  1  2  2
7  0  1  0  0  1  2  0  0  0  3
8  0  1  0  0  1  0  2  2  2  1
9  1  0  0  2  2  1  2  1  2  2

Все биграммы для ряда: 6799108321491484156659132694568764659090561978858133848966950572945919716094861096065291549206476354
   0  1  2  3  4  5  6  7  8  9
0  0  0  0  0  0  2  2  0  1  3
1  2  0  0  2  2  2  1  0  0  2
2  1  1  0  0  0  0  1  0  0  2
3  0  0  2  1  0  1  0  0  1  0
4  0  1  0  0  0  2  1  1  3  2
5  1  0  1  0  2  0  3  1  1  3
6  2  2  0  1  2  3  2  1  1  2
7  0  1  1  0  0  0  2  0  1  1
8  0  1  0  1  2  1  1  1  1  1
9  2  5  1  0  3  1  2  2  0  1

Все биграммы для ряда: 8410667111310885671549209284590137857026987764436347048881253216719235870355108083308004920915424182
   0  1  2  3  4  5  6  7  8  9
0  1  1  1  1  2  0  1  0  4  2
1  3  2  1  2  0  2  1  0  1  1
2  2  1  0  1  1  1  1  0  1  0
3  1  1  1  1  1  2  1  1  0  0
4  0  2  1  1  1  1  0  1  1  2
5  0  1  0  1  2  1  1  1  1  1
6  0  0  0  1  1  0  1  3  0  1
7  3  3  0  0  0  0  1  1  1  0
8  2  1  1  1  2  2  0  2  3  0
9  1  1  4  0  0  0  0  0  1  0

Все биграммы для ряда: 1262381966078616140633676495695805474316997732720742105969317475515487750305060235002835480704182458
   0  1  2  3  4  5  6  7  8  9
0  1  0  2  1  1  3  2  3  0  0
1  1  0  1  0  1  1  2  1  1  1
2  1  1  0  2  1  0  1  1  1  0
3  1  2  1  1  0  2  1  0  1  0
4  1  1  1  1  0  1  0  2  2  1
5  3  1  0  0  3  1  1  0  2  1
6  2  2  1  1  1  0  1  1  0  3
7  1  0  1  1  3  2  1  2  1  0
8  2  1  1  1  0  0  1  1  0  0
9  0  0  0  1  0  2  2  1  0  1

Все биграммы для ряда: 8716793106823550324071351324425651180344047042793745086084919065773740663252266576580938186135331722
   0  1  2  3  4  5  6  7  8  9
0  0  0  0  2  2  0  3  1  2  1
1  1  1  0  3  0  0  1  1  2  1
2  0  0  2  1  2  2  1  1  0  0
3  0  2  3  1  1  3  0  2  1  0
4  3  0  2  0  2  1  0  1  0  1
5  2  2  1  1  0  1  1  2  1  0
6  1  1  0  1  0  4  2  1  1  0
7  1  2  1  1  2  0  1  1  0  2
8  2  1  1  0  1  0  2  1  0  0
9  1  1  0  3  0  0  0  0  0  0

Все биграммы для ряда: 0098668564428272173982566461083031324150732975531547640874404884867575444905915573959364757713403145
   0  1  2  3  4  5  6  7  8  9
0  1  0  0  2  1  1  0  1  2  1
1  1  0  0  2  1  3  0  1  0  0
2  0  1  0  0  1  1  0  1  1  1
3  1  3  2  0  1  0  1  0  0  2
4  3  1  1  0  4  1  1  2  2  1
5  1  0  0  1  2  2  2  3  0  2
6  0  1  0  0  4  0  2  1  1  0
7  0  1  1  3  1  4  1  1  0  0
8  0  0  2  1  1  1  2  1  1  0
9  1  1  0  1  0  1  0  1  2  0

Все биграммы для ряда: 1902697512172774377007439856001059741243023895911069405480170462100990760673684208956267932212777124
   0  1  2  3  4  5  6  7  8  9
0  3  2  2  0  1  2  2  2  1  1
1  3  1  4  0  0  0  0  2  0  1
2  1  3  1  1  2  0  2  2  0  0
3  1  0  1  0  0  0  1  1  1  1
4  1  1  1  3  0  0  1  0  1  0
5  0  1  0  0  1  0  2  0  0  2
6  2  0  2  0  0  0  0  2  1  2
7  2  1  1  1  3  1  1  4  0  1
8  1  0  0  0  1  1  0  0  0  2
9  2  1  0  1  1  2  0  2  1  1

Все биграммы для ряда: 0394723492106004543766007885893685867052033979581217196011053653407141044412606635401528079256682818
   0  1  2  3  4  5  6  7  8  9
0  2  2  0  2  2  2  2  3  0  0
1  3  1  2  0  1  1  0  1  1  1
2  1  2  0  1  0  1  1  0  2  0
3  0  0  0  1  2  1  2  1  0  2
4  2  2  0  1  2  1  0  1  0  1
5  0  0  2  2  2  0  1  0  3  0
6  4  0  0  1  0  1  3  1  2  0
7  1  2  1  0  0  0  1  0  1  2
8  1  2  1  0  0  2  1  0  1  1
9  0  0  2  1  1  1  1  1  0  0

Все биграммы для ряда: 4594892923160603381349611319756845431715541601253349499120280840600955187092432867058679015951600471
   0  1  2  3  4  5  6  7  8  9
0  2  2  1  1  1  1  2  0  1  2
1  0  1  2  2  0  2  3  1  1  1
2  1  0  0  1  1  1  0  0  2  1
3  0  3  1  2  2  0  0  0  1  0
4  1  1  0  2  0  2  0  1  1  3
5  0  2  0  1  2  2  1  0  1  2
6  5  1  0  0  0  0  0  2  1  0
7  2  2  0  0  0  1  0  0  0  1
8  1  1  0  0  2  0  2  1  0  1
9  1  1  3  0  2  2  1  1  0  1

Все биграммы для ряда: 1748317921403613995768646014985275245985155579905719562483067688084782889085481809659388867992129976
   0  1  2  3  4  5  6  7  8  9
0  0  1  0  1  0  1  1  0  2  1
1  0  0  1  1  2  1  0  2  1  1
2  0  2  0  0  2  0  0  1  1  1
3  1  1  0  0  0  0  1  0  1  1
4  1  0  0  0  0  1  1  1  3  1
5  0  1  2  0  1  2  1  3  0  2
6  1  1  1  0  1  1  0  2  2  0
7  0  1  0  0  1  1  3  0  1  3
8  2  1  1  2  1  3  2  0  4  1
9  2  0  2  1  0  2  1  1  2  4

Все биграммы для ряда: 1967807418123486498413190264701104450540508542978600975878527231622255684515719086515050593142671418
   0  1  2  3  4  5  6  7  8  9
0  1  1  1  0  1  4  0  1  2  1
1  1  1  1  1  2  2  1  0  2  3
2  0  0  2  2  0  1  2  1  0  1
3  0  3  0  0  1  0  0  0  0  0
4  1  3  2  0  1  2  0  1  1  1
5  4  2  1  0  2  1  1  1  1  1
6  1  0  1  0  2  1  0  2  1  0
7  1  2  1  0  1  1  0  0  3  0
8  1  1  0  0  2  2  3  1  0  0
9  2  0  0  1  0  0  1  2  1  0

Все биграммы для ряда: 9179543544268516327879146343724836487042931939098591469684209714064216899766169747304593500629465258
   0  1  2  3  4  5  6  7  8  9
0  1  0  0  0  2  0  2  0  0  2
1  0  0  0  0  3  0  3  1  0  1
2  1  1  0  0  1  1  1  1  0  2
3  1  1  1  0  1  2  1  1  0  1
4  1  0  4  2  1  1  3  1  2  0
5  1  1  1  0  2  0  0  0  1  2
6  0  1  1  2  2  1  1  0  3  2
7  1  1  1  1  1  0  1  0  1  2
8  0  0  0  1  1  2  0  2  0  1
9  1  3  0  3  1  1  1  3  1  1

Все биграммы для ряда: 0706887778086393909184115317519362755236075273495556991953480672342851637646172826121616655049132788
   0  1  2  3  4  5  6  7  8  9
0  0  0  0  0  1  0  2  2  1  1
1  0  1  1  1  0  1  3  2  1  2
2  0  1  0  2  0  0  1  3  2  0
3  0  1  1  0  3  0  2  1  0  2
4  0  1  1  0  0  0  1  0  1  2
5  1  2  2  2  0  4  1  0  0  0
6  1  3  1  2  1  1  1  1  1  1
7  1  0  2  1  0  3  1  2  2  0
8  2  0  1  0  1  1  1  1  2  0
9  1  3  0  2  0  2  0  0  0  1

Все биграммы для ряда: 5004856740430140988212013476957513560838683916017288085564209137321416387394096906585194562120906221
   0  1  2  3  4  5  6  7  8  9
0  1  3  0  0  2  0  2  0  2  4
1  0  0  2  3  2  0  2  1  0  1
2  3  4  1  0  0  0  0  0  1  0
3  1  0  1  0  1  1  0  1  2  2
4  3  1  1  1  0  1  0  1  1  0
5  1  2  0  0  0  1  4  1  1  0
6  2  0  2  1  1  1  0  1  1  2
7  0  0  1  2  1  1  1  0  0  0
8  1  0  1  2  0  3  1  1  2  0
9  2  2  0  0  2  1  1  0  1  0

Все биграммы для ряда: 5346713337061163443922922684003192730540060585614285955661755227527117278782066258141565178991190124
   0  1  2  3  4  5  6  7  8  9
0  2  1  0  1  0  2  3  0  0  0
1  0  3  1  1  2  1  1  3  0  2
2  1  0  3  0  1  1  1  4  1  1
3  1  1  0  2  2  0  0  1  0  1
4  2  1  1  1  1  0  1  0  0  0
5  0  1  2  1  1  2  3  0  2  1
6  1  3  1  1  0  1  2  1  1  0
7  1  2  1  1  0  2  0  0  3  0
8  0  1  1  0  1  2  0  1  0  1
9  1  1  3  0  0  1  0  0  0  1

Все биграммы для ряда: 4091619638741812973413894956314230249396455732271420188185331298644310430782900953685990379015127618
   0  1  2  3  4  5  6  7  8  9
0  1  2  1  1  1  0  0  1  0  2
1  1  0  3  1  2  1  1  0  4  1
2  1  0  1  1  1  0  0  2  0  3
3  2  3  1  1  1  0  1  1  2  1
4  1  2  2  2  1  1  0  0  0  2
5  0  1  0  2  0  1  1  1  0  1
6  0  2  0  2  2  0  0  0  1  0
7  0  1  0  2  1  0  1  0  1  1
8  0  2  1  0  0  2  1  1  1  1
9  3  1  0  1  1  2  2  1  1  1

Все биграммы для ряда: 9822441854291475144634168496913910263250818475339185166838162750471330605034666741490808939896933149
   0  1  2  3  4  5  6  7  8  9
0  0  0  1  1  1  1  1  0  3  0
1  1  0  0  2  4  0  3  0  3  0
2  0  0  1  0  1  1  1  1  0  1
3  1  1  1  3  2  0  0  0  1  3
4  0  3  1  0  2  0  2  3  0  3
5  3  2  0  1  1  0  0  0  0  0
6  1  0  1  2  0  0  3  1  2  2
7  0  1  0  0  1  3  0  0  0  0
8  1  2  1  1  2  2  0  0  0  2
9  1  4  0  2  0  0  2  0  2  0

Все биграммы для ряда: 1364737414494387992098690592182974722924210054319774455381014519439629958675795228271686074530152077
   0  1  2  3  4  5  6  7  8  9
0  1  2  0  0  0  2  0  2  0  1
1  2  0  0  1  2  1  1  0  1  2
2  2  2  2  0  1  0  0  1  1  3
3  1  1  0  0  0  0  1  1  2  1
4  0  1  1  3  2  3  0  2  0  1
5  0  1  2  2  1  1  0  1  1  1
6  1  0  1  0  1  0  0  1  1  1
7  0  1  1  1  4  1  0  2  0  2
8  0  1  2  0  0  0  3  1  0  0
9  1  0  3  0  2  2  1  2  1  2

Все биграммы для ряда: 7969105560761507488742341771270199772887855095968582036311895814210791222904331649908489788654646689
   0  1  2  3  4  5  6  7  8  9
0  0  1  0  1  1  1  0  3  1  1
1  2  1  2  0  1  1  1  1  1  1
2  1  1  2  1  0  0  0  1  1  1
3  0  2  0  1  1  0  1  0  0  0
4  0  1  2  1  0  0  2  0  2  1
5  2  0  0  0  1  2  1  0  2  1
6  1  1  0  1  2  1  1  0  2  1
7  1  1  1  0  2  0  1  2  2  2
8  0  1  1  0  1  2  1  2  3  3
9  2  2  0  0  0  2  2  2  0  2

Все биграммы для ряда: 9610326437490295302971679447422188391713345119182538517666242481797271900055313604530225026752939460
   0  1  2  3  4  5  6  7  8  9
0  2  0  4  1  1  1  0  0  0  0
1  1  1  0  2  0  0  1  3  2  2
2  0  1  2  0  2  2  2  1  0  3
3  2  1  1  1  1  0  1  1  1  2
4  0  0  2  1  1  2  1  1  1  1
5  1  2  1  4  0  1  0  0  0  0
6  2  1  1  0  1  0  2  2  0  0
7  0  3  1  0  2  1  1  0  0  2
8  0  1  1  1  0  1  0  0  1  0
9  2  2  0  1  2  1  1  2  0  0

Все биграммы для ряда: 4170677422843743335620147046756730338826574859438255588454606918186110335213919331898013305053509508
   0  1  2  3  4  5  6  7  8  9
0  0  2  0  2  1  2  2  0  1  1
1  1  1  0  2  1  0  0  1  3  1
2  1  1  1  0  0  1  1  0  1  0
3  2  1  0  6  0  3  0  1  2  1
4  0  1  1  3  0  1  2  1  1  0
5  3  0  1  1  1  2  2  1  1  1
6  1  1  1  0  0  1  0  3  0  1
7  2  0  0  1  3  1  0  1  0  0
8  1  1  2  0  2  1  1  0  2  1
9  0  2  0  1  1  1  0  0  1  0

Все биграммы для ряда: 5696116181424966001173222175785174897061683473566454634148712199999846397160893827768393197900446743
   0  1  2  3  4  5  6  7  8  9
0  2  1  0  0  1  0  1  0  1  0
1  0  2  1  0  2  0  3  3  1  2
2  0  2  2  0  1  0  0  1  0  0
3  0  1  1  0  2  1  0  0  1  2
4  0  1  1  1  1  1  3  1  2  1
5  0  1  0  0  1  0  2  1  0  0
6  2  3  0  2  1  0  2  1  2  1
7  1  2  0  2  2  1  1  1  1  1
8  0  1  1  2  1  1  0  1  0  2
9  1  0  0  2  0  0  2  3  1  4

Все биграммы для ряда: 3913247211907071209212128589185292282812904110962960094642997963334115870540827953963871932107433032
   0  1  2  3  4  5  6  7  8  9
0  1  0  0  1  1  1  0  3  1  3
1  2  3  4  1  0  1  0  0  1  2
2  1  4  1  0  1  0  0  1  3  4
3  1  0  3  3  1  0  0  0  1  2
4  1  2  1  1  0  0  1  1  0  0
5  0  0  1  1  1  0  0  0  2  0
6  1  0  1  2  1  0  0  0  0  0
7  2  2  1  0  1  0  0  0  0  2
8  0  1  2  0  0  2  0  2  0  1
9  2  2  2  1  1  1  4  1  0  1

Все биграммы для ряда: 4256227382416442120539569629094951345287482113121686944323272244631701932314250141479478191411599002
   0  1  2  3  4  5  6  7  8  9
0  1  2  1  0  0  1  0  0  0  1
1  0  2  2  2  4  1  2  1  0  2
2  1  3  2  2  2  2  0  2  1  1
3  0  3  3  0  1  0  0  0  1  1
4  0  3  3  1  3  1  1  2  1  1
5  1  1  1  1  0  0  2  0  0  1
6  0  0  2  1  1  0  0  0  1  2
7  1  0  1  1  1  0  0  0  1  1
8  0  1  2  0  0  0  1  1  0  0
9  2  1  0  1  3  2  1  0  0  1

Все биграммы для ряда: 4719952382077142869574465035023631767103217792275925527792619125543583410365634033582065947239530599
   0  1  2  3  4  5  6  7  8  9
0  0  0  1  4  0  1  1  1  0  0
1  2  0  1  0  1  0  0  2  0  2
2  2  1  1  3  0  2  1  2  1  0
3  1  1  1  1  2  3  2  0  1  1
4  1  1  1  1  1  0  1  2  0  0
5  2  0  2  1  1  2  1  1  2  3
6  0  1  0  2  0  3  0  1  0  1
7  0  3  1  0  1  1  1  3  0  2
8  0  0  2  1  0  0  1  0  0  0
9  0  1  3  0  1  3  0  0  0  2

Все биграммы для ряда: 8466002738836892806564884271389026709208387330919101375586178462819840409072208806983004696654268545
   0  1  2  3  4  5  6  7  8  9
0  2  1  2  0  2  0  2  1  2  3
1  1  0  0  2  0  0  0  1  0  2
2  2  0  1  0  0  0  2  2  2  0
3  2  0  0  1  0  0  1  1  3  0
4  2  0  2  0  0  1  3  0  1  0
5  0  0  0  0  2  1  1  0  1  0
6  1  1  1  0  1  2  2  1  2  2
7  1  1  1  2  0  1  0  0  1  0
8  2  1  0  3  4  1  1  1  3  2
9  2  2  2  0  0  0  1  0  2  0

Все биграммы для ряда: 7190957516949636515905331099081449679658536148865883851753538029257527970795554713434057859412580681
   0  1  2  3  4  5  6  7  8  9
0  0  0  1  0  0  2  1  1  1  2
1  1  0  1  1  2  1  1  1  0  1
2  0  0  0  0  0  2  0  1  0  1
3  0  1  0  1  2  1  2  0  2  0
4  1  1  0  1  1  0  0  1  1  2
5  0  3  1  4  1  2  0  3  3  2
6  0  1  0  1  0  3  0  1  1  1
7  1  2  0  0  0  3  0  0  1  3
8  2  2  0  1  0  3  1  0  2  0
9  3  0  1  0  2  2  3  1  0  1

Все биграммы для ряда: 9962892480460325814945964795640723433464850720842152151844315058631162731889863613060721197463162046
   0  1  2  3  4  5  6  7  8  9
0  0  0  0  1  2  1  1  3  1  0
1  0  2  0  1  1  3  2  0  2  1
2  2  3  0  1  1  1  0  1  1  0
3  1  4  1  1  2  0  1  0  0  0
4  1  0  1  2  1  1  4  1  2  1
5  2  1  1  0  0  0  1  0  2  1
6  2  1  3  3  3  0  0  0  0  0
7  0  0  3  1  1  0  0  0  0  1
8  1  1  0  0  2  1  2  0  1  2
9  0  0  1  0  1  1  2  1  1  1

Все биграммы для ряда: 3347922018629443660890914851933791937179848367063223205688462338403959095499044173180546721600788673
   0  1  2  3  4  5  6  7  8  9
0  1  1  0  1  1  2  1  1  1  2
1  0  0  0  0  1  0  1  2  2  2
2  2  1  2  2  0  0  0  0  0  1
3  0  1  2  3  1  0  2  2  1  1
4  1  1  0  1  2  0  2  1  2  1
5  0  1  0  0  2  0  1  0  0  1
6  2  0  2  1  0  0  1  3  1  0
7  1  1  1  2  0  0  0  0  1  3
8  1  0  0  1  3  1  2  0  2  1
9  3  2  1  2  1  2  0  0  1  1

Все биграммы для ряда: 4967570099086964117114845778483678118600841248333683158117789755314575944540227422736436434539933123
   0  1  2  3  4  5  6  7  8  9
0  2  0  1  0  0  0  0  0  2  1
1  0  4  2  0  2  1  0  2  1  0
2  0  0  2  1  1  0  0  2  0  0
3  0  3  0  3  1  0  4  0  0  1
4  1  2  1  2  1  4  0  0  3  1
5  0  0  0  2  1  1  0  3  1  1
6  1  0  0  0  3  0  0  2  1  1
7  1  1  0  1  1  3  0  2  3  0
8  0  2  0  3  3  0  2  0  0  1
9  1  0  0  1  1  0  2  1  0  2

Все биграммы для ряда: 0852099830848501382079360345644331161892285066076822420561374787553345191900783642752594156540061799
   0  1  2  3  4  5  6  7  8  9
0  2  1  0  1  0  1  2  3  2  1
1  0  1  0  2  0  1  1  1  1  2
2  3  0  2  0  1  1  0  1  1  0
3  1  1  0  2  2  0  2  1  1  0
4  1  1  2  1  1  2  0  1  1  0
5  2  1  2  1  1  1  3  0  0  1
6  2  3  0  0  2  1  1  0  1  0
7  0  0  0  0  1  2  1  0  2  2
8  0  0  2  2  1  3  0  1  0  1
9  1  1  1  1  1  0  0  0  1  2

Все биграммы для ряда: 7953339086416232967368561674551906136052846520777154134156935745167517635949503130082947833870160303
   0  1  2  3  4  5  6  7  8  9
0  1  1  0  3  0  1  1  1  2  0
1  0  0  0  3  0  2  4  1  0  1
2  1  0  0  1  0  0  0  0  1  2
3  2  1  1  3  1  2  2  0  1  1
4  0  3  0  0  0  2  1  1  0  1
5  1  3  2  1  1  1  2  1  0  1
6  2  2  1  1  1  1  0  3  1  1
7  1  1  0  1  2  1  1  2  1  1
8  0  0  1  1  1  1  1  1  0  0
9  2  0  0  1  2  2  1  0  0  0

Все биграммы для ряда: 7731316259667030610364195065744466796101300535692204799172977379207693349675562143950074475623177926
   0  1  2  3  4  5  6  7  8  9
0  2  1  0  2  1  1  2  2  0  0
1  2  0  0  2  1  0  1  2  0  1
2  2  1  1  1  0  1  1  0  0  1
3  2  3  0  1  1  1  1  1  0  1
4  0  1  0  1  3  0  1  2  0  1
5  2  0  0  1  0  1  3  1  0  1
6  0  2  3  0  1  1  2  3  0  2
7  1  0  1  2  2  2  1  3  0  4
8  0  0  0  0  0  0  0  0  0  0
9  0  1  3  1  0  2  3  1  0  1

Все биграммы для ряда: 8467526866968693791810611989781746059707933642188296418559641605185304647365791779354994105715514146
   0  1  2  3  4  5  6  7  8  9
0  0  0  0  0  1  3  1  1  0  0
1  2  1  0  0  2  1  1  2  4  1
2  0  1  0  0  0  0  1  0  0  1
3  1  0  0  1  0  1  2  1  0  0
4  0  4  1  0  0  0  4  1  0  1
5  0  2  1  1  1  2  0  2  0  2
6  2  1  0  0  4  1  1  1  2  2
7  1  1  0  1  1  1  0  1  1  4
8  0  2  1  0  1  2  2  0  1  1
9  0  2  0  3  1  0  3  2  1  1

Все биграммы для ряда: 7786475270730888803848103567000454408807432190746868681556711364445882017658374949578859259702832680
   0  1  2  3  4  5  6  7  8  9
0  2  1  1  2  1  0  0  3  2  0
1  1  1  0  1  0  1  0  1  0  1
2  1  1  0  0  0  1  1  1  1  0
3  1  0  2  0  0  1  1  1  1  0
4  1  0  0  1  3  2  1  1  1  2
5  0  0  1  0  1  1  2  1  2  2
6  0  0  0  0  2  1  0  2  4  0
7  3  1  0  1  3  1  1  1  2  0
8  3  2  1  2  1  1  3  0  6  0
9  1  0  1  0  1  1  0  1  0  0

Все биграммы для ряда: 2354130828740673155784649629221041359619603729709006877563045500370335221079075714188359982894503729
   0  1  2  3  4  5  6  7  8  9
0  2  0  0  4  2  0  2  2  1  1
1  2  0  0  2  1  1  0  0  1  1
2  0  2  2  1  0  0  0  0  2  3
3  2  1  0  1  0  4  0  3  0  0
4  1  3  0  0  0  2  1  0  0  1
5  2  0  1  0  1  2  1  2  0  2
6  1  1  1  1  1  0  0  1  1  0
7  2  1  2  1  1  2  0  1  1  1
8  0  0  2  1  1  0  0  2  1  1
9  2  0  1  0  1  0  3  1  1  1

Все биграммы для ряда: 3117486866791255906170623113158565848233432997009051364694406941537533290544206863355696705839971465
   0  1  2  3  4  5  6  7  8  9
0  1  0  0  0  0  3  4  0  0  1
1  0  2  1  2  1  2  0  2  0  0
2  1  0  0  2  0  1  0  0  0  2
3  0  3  2  3  1  1  1  1  0  1
4  1  1  1  1  2  0  2  0  2  0
5  0  1  0  2  1  2  2  0  3  1
6  0  1  1  1  1  2  1  2  2  3
7  3  1  0  0  1  1  0  0  0  1
8  0  0  1  1  1  1  3  0  0  0
9  3  1  0  0  2  0  1  2  0  2

Все биграммы для ряда: 2265823140770593050293715667133590422230649640539376096716729550313330512048224920945781659058296480
   0  1  2  3  4  5  6  7  8  9
0  0  0  1  1  2  5  1  1  0  2
1  0  0  1  2  1  1  2  0  0  0
2  2  0  4  2  1  0  1  0  0  3
3  3  2  0  3  0  1  0  2  0  1
4  2  0  1  0  0  1  0  0  2  2
5  2  1  0  1  0  1  1  1  2  3
6  1  0  0  0  3  2  1  3  0  0
7  1  3  1  0  0  0  1  1  1  0
8  1  1  3  0  0  0  0  0  0  0
9  2  0  1  3  1  1  3  0  0  0

Все биграммы для ряда: 8652555428612582339097833947924701459674293055303155712546333447849865583171427483669921109925171346
   0  1  2  3  4  5  6  7  8  9
0  0  1  0  1  0  1  0  0  0  2
1  1  1  2  1  2  1  0  2  0  0
2  0  1  0  1  1  4  0  1  1  1
3  2  2  0  4  2  0  1  0  0  2
4  0  0  3  0  1  1  2  3  1  1
5  0  1  1  1  2  5  0  1  2  1
6  0  1  0  1  0  2  1  1  0  1
7  1  3  0  0  2  0  0  0  2  1
8  0  0  1  3  1  0  3  0  0  0
9  1  0  3  1  1  0  1  1  1  2

Все биграммы для ряда: 8472420959622746785887044468558352544012476801785333733836318606703014413487273331021722933372648580
   0  1  2  3  4  5  6  7  8  9
0  0  3  1  1  1  0  1  0  0  1
1  1  0  1  1  1  0  0  2  1  0
2  1  1  2  0  2  1  1  2  0  1
3  1  2  0  7  1  1  1  2  1  0
4  1  1  1  0  4  0  2  2  2  0
5  0  0  1  1  1  1  0  0  3  1
6  1  0  1  1  1  0  0  2  2  0
7  2  0  4  2  1  0  1  0  2  0
8  2  0  0  2  1  4  1  2  1  0
9  0  0  0  1  0  1  1  0  0  0

Все биграммы для ряда: 6799210026696135400545467134241021335857508954123300012348685972471386850523797236920010028170788677
   0  1  2  3  4  5  6  7  8  9
0  6  2  3  0  0  2  0  1  1  0
1  3  0  2  4  0  0  0  1  0  0
2  1  2  0  4  2  0  1  0  1  0
3  1  0  0  2  2  2  1  1  1  0
4  1  2  1  0  0  1  1  1  1  0
5  2  0  1  0  4  0  0  1  1  1
6  0  1  0  0  0  0  1  3  2  2
7  1  2  2  0  0  1  0  1  1  2
8  0  1  0  0  0  3  3  0  1  1
9  0  0  2  0  0  1  1  2  0  1

Все биграммы для ряда: 7984234358406002271668554817225843483333544049738870032832513333531867871995110037928530908498893124
   0  1  2  3  4  5  6  7  8  9
0  3  0  1  2  1  0  1  0  1  1
1  1  1  1  1  0  0  1  1  1  1
2  0  0  2  1  1  2  0  1  2  0
3  1  2  2  6  2  3  0  1  1  0
4  2  0  1  2  1  0  0  0  2  2
5  0  2  0  2  2  1  0  0  2  0
6  1  0  0  0  0  0  1  1  1  0
7  1  2  1  1  0  0  0  0  1  2
8  0  1  0  2  4  2  1  2  2  1
9  1  0  1  1  0  1  0  1  2  1

Все биграммы для ряда: 1841928211935634427281950322009570104393484897145051394758045140897547819562494309611032280404270854
   0  1  2  3  4  5  6  7  8  9
0  1  1  0  2  4  1  0  0  2  2
1  2  2  0  1  2  0  0  0  1  4
2  1  1  2  0  1  0  0  2  3  0
3  1  0  2  0  2  1  0  0  0  2
4  2  1  2  2  1  2  0  2  2  1
5  2  2  0  0  2  0  2  1  1  0
6  0  1  1  1  0  0  0  0  0  0
7  2  1  1  0  0  2  0  0  1  0
8  2  2  1  0  2  1  0  0  0  2
9  0  0  1  2  2  3  1  2  0  0

Все биграммы для ряда: 5289874737869967123295858974888807890557821521740928048275465530418779077759947633525028742928319933
   0  1  2  3  4  5  6  7  8  9
0  0  0  1  0  2  1  0  2  0  1
1  0  0  1  0  0  1  0  1  1  1
2  0  2  0  1  0  1  0  1  4  2
3  1  1  1  2  0  1  0  1  0  0
4  1  1  1  0  0  0  1  2  2  0
5  1  0  3  1  1  2  0  1  2  1
6  0  0  0  1  0  1  0  1  0  1
7  0  1  0  1  4  2  1  3  3  1
8  2  0  2  1  0  1  1  3  3  3
9  2  0  2  1  1  1  1  1  1  3

Все биграммы для ряда: 4194058978538706591361377614810566249537139099050330380260477128059999823595224791104898410396729603
   0  1  2  3  4  5  6  7  8  9
0  0  0  1  4  2  4  1  0  0  1
1  3  1  1  3  1  0  0  0  0  1
2  0  0  1  1  2  0  1  0  1  1
3  1  0  0  1  0  1  1  2  2  2
4  1  2  0  0  0  0  0  2  2  1
5  1  0  1  2  0  0  1  0  1  3
6  2  2  1  0  0  1  1  1  0  0
7  1  2  1  0  0  0  1  2  1  1
8  2  1  1  0  1  1  0  1  0  2
9  2  2  0  0  1  2  2  1  2  4

Все биграммы для ряда: 5191649276818907163773331569301952280352098152014772998423493657937474860497288575336738656929786592
   0  1  2  3  4  5  6  7  8  9
0  0  2  0  1  1  0  0  1  0  1
1  0  0  0  0  1  2  2  0  1  2
2  2  0  1  1  0  0  0  1  2  2
3  1  1  0  3  1  1  2  2  1  0
4  0  0  1  0  0  0  0  2  1  3
5  0  1  3  1  0  0  2  2  0  1
6  1  0  0  1  1  3  0  1  1  2
7  0  1  2  2  2  1  1  2  1  1
8  1  2  0  0  1  1  3  0  1  1
9  1  1  3  3  0  1  0  2  2  1

Все биграммы для ряда: 9347149105387749836741259768087800521403228872199431167123934789438395604072916460852540987110832778
   0  1  2  3  4  5  6  7  8  9
0  1  0  0  1  1  2  0  1  3  1
1  2  2  2  0  2  0  2  0  0  1
2  0  2  1  1  0  2  0  1  1  1
3  0  1  2  0  2  0  1  0  2  2
4  3  1  0  2  0  0  1  2  0  2
5  0  0  2  1  1  0  1  0  0  1
6  2  0  0  0  1  0  0  2  1  0
7  0  3  2  0  2  0  1  2  3  0
8  2  0  0  3  0  1  0  4  1  1
9  0  2  0  2  2  1  0  1  2  1

Все биграммы для ряда: 0336821785906701749666704865730426226073326866659723351017873020268408034526196541389002064227357026
   0  1  2  3  4  5  6  7  8  9
0  1  2  4  2  2  0  2  1  1  0
1  1  0  0  1  0  0  0  3  0  1
2  2  1  2  1  0  0  6  1  0  0
3  2  0  1  3  1  2  1  0  1  0
4  1  1  2  0  0  1  0  0  1  1
5  0  1  1  0  1  0  0  2  0  2
6  1  1  1  0  1  3  4  2  3  0
7  3  0  1  4  1  0  0  0  2  0
8  1  0  1  0  1  1  2  1  0  1
9  2  0  0  0  0  0  2  1  0  0

Все биграммы для ряда: 1367649594321207991478542096649656027713080434007904709434618273011493055598404771569803407463520540
   0  1  2  3  4  5  6  7  8  9
0  1  1  1  1  3  2  0  3  1  2
1  0  1  1  2  2  1  0  0  1  0
2  3  1  0  0  0  0  0  2  0  0
3  3  0  1  0  3  1  1  0  0  0
4  4  0  1  3  0  0  2  3  0  3
5  0  0  1  0  2  2  2  0  0  2
6  1  1  0  1  2  1  1  1  0  1
7  1  2  0  1  1  0  1  2  1  2
8  2  0  1  0  1  1  0  0  0  0
9  1  1  0  1  2  1  2  0  2  1

Все биграммы для ряда: 4615634739558832533173345728640766771506707110025003787633449950930908987266165187930886483690373556
   0  1  2  3  4  5  6  7  8  9
0  2  0  1  2  0  0  1  2  2  2
1  1  1  0  0  0  2  1  1  1  0
2  0  0  0  0  0  2  1  0  1  0
3  2  1  1  3  3  1  1  2  0  1
4  1  0  0  0  1  1  1  1  1  1
5  3  1  0  1  0  2  2  1  1  0
6  0  2  0  2  2  1  2  2  0  1
7  1  2  2  3  0  0  2  1  1  1
8  0  0  0  2  0  0  2  3  2  1
9  2  0  0  2  0  2  0  0  1  1

Все биграммы для ряда: 8326832622012938127615208092184880061471534868839121314365800746215359872258703967026685561459429517
   0  1  2  3  4  5  6  7  8  9
0  2  1  1  1  0  0  1  1  1  1
1  0  0  3  1  3  3  0  1  1  0
2  2  3  2  0  0  1  3  1  0  2
3  0  1  2  0  1  1  1  0  1  2
4  0  0  1  1  0  1  1  1  2  0
5  0  1  1  2  0  1  1  0  2  2
6  0  3  2  0  0  1  1  1  3  0
7  2  1  1  0  1  0  1  0  0  0
8  3  1  0  3  1  1  1  2  2  0
9  0  1  1  1  1  1  1  0  1  0

Все биграммы для ряда: 7874755334944164793030731517933404099296349456104617841108420662478535614669163797656639009204642696
   0  1  2  3  4  5  6  7  8  9
0  1  0  0  1  3  0  1  1  1  2
1  2  1  0  0  1  1  2  2  0  0
2  2  0  0  0  1  0  1  0  0  1
3  2  1  0  2  3  1  0  1  0  1
4  2  2  2  0  1  1  3  3  0  2
5  0  1  0  2  0  1  3  0  0  0
6  0  3  1  3  2  1  3  0  0  2
7  0  0  0  1  1  1  1  0  3  3
8  0  0  0  0  2  1  0  1  0  0
9  1  1  2  2  2  0  2  1  0  1

Все биграммы для ряда: 5712528823159069333602700944251671435864847598081159085778226531503875588970183780590099482657122161
   0  1  2  3  4  5  6  7  8  9
0  2  1  1  1  0  1  1  0  2  2
1  0  1  2  0  1  3  2  0  1  0
2  0  1  2  1  0  2  2  1  1  0
3  0  2  0  2  0  1  1  1  1  0
4  0  0  1  1  1  0  0  1  2  0
5  1  1  1  1  0  1  0  3  2  4
6  1  1  0  0  1  2  0  1  0  1
7  2  3  0  0  0  2  0  1  2  0
8  2  1  3  1  1  1  1  1  2  1
9  3  0  0  1  2  0  0  1  1  1

Все биграммы для ряда: 1586838773779922370274082789630039775707271173013084851535249745980433947002355868020606330339351933
   0  1  2  3  4  5  6  7  8  9
0  2  1  3  2  1  0  2  1  2  0
1  0  1  0  1  0  2  0  1  0  1
2  1  0  1  2  1  0  0  3  0  0
3  4  0  0  4  0  3  0  2  1  3
4  1  0  0  1  0  1  0  1  1  1
5  0  2  1  1  0  1  0  1  2  1
6  1  0  0  2  0  0  0  0  2  0
7  3  1  1  2  2  1  0  3  1  1
8  2  0  1  1  1  1  2  1  0  1
9  0  0  1  2  1  0  1  2  1  1

Все биграммы для ряда: 2374469453109267402733840022482798163863843395907201061881844444145013337483373857896554169968719937
   0  1  2  3  4  5  6  7  8  9
0  1  2  2  0  0  0  1  1  0  1
1  2  0  0  1  1  0  2  0  2  1
2  1  0  1  1  1  0  1  2  0  0
3  0  1  0  5  0  0  0  4  4  1
4  2  2  0  1  5  2  1  0  2  0
5  1  0  0  1  1  1  0  1  0  1
6  0  1  0  2  0  1  0  1  1  2
7  0  1  1  2  3  0  0  0  1  1
8  0  2  1  1  3  1  1  1  1  1
9  1  0  1  1  1  1  2  0  1  2

Все биграммы для ряда: 0979584338100663120988167830950987382018808229377362870480238037945572868098452386336778686964129531
   0  1  2  3  4  5  6  7  8  9
0  1  1  1  1  1  0  1  0  1  5
1  1  0  2  0  0  0  1  0  1  0
2  2  0  1  2  0  0  0  0  2  2
3  1  2  0  2  0  0  2  2  4  0
4  0  1  0  1  0  2  0  0  1  0
5  1  0  1  1  0  1  0  1  1  0
6  0  0  1  2  1  0  1  2  2  1
7  1  0  1  2  0  0  0  2  2  2
8  4  2  2  1  2  0  4  2  2  0
9  0  0  0  1  1  3  1  1  3  0

Все биграммы для ряда: 5870247522770110548613096490488378808737649729795548354274543049518342093504247124554792558007808115
   0  1  2  3  4  5  6  7  8  9
0  1  1  1  0  3  1  0  1  2  2
1  1  2  1  1  0  1  0  0  1  0
2  1  0  1  0  3  1  0  2  0  1
3  2  0  0  0  1  2  0  2  0  0
4  0  0  3  1  0  2  0  3  3  3
5  1  1  1  0  5  3  0  0  2  0
6  0  1  0  0  2  0  0  0  0  0
7  2  1  1  1  1  1  1  1  2  2
8  3  1  0  3  0  0  1  2  2  0
9  1  0  1  1  0  2  1  2  0  0

Все биграммы для ряда: 9664199403442858656198387446923530964608787226923469729918144163655776365310988849602695630035567714
   0  1  2  3  4  5  6  7  8  9
0  1  0  1  2  0  0  0  0  1  2
1  1  0  0  0  2  0  1  0  1  2
2  0  0  1  2  0  0  2  0  1  1
3  2  1  0  0  2  2  2  0  1  0
4  1  2  1  0  3  0  3  0  0  1
5  0  0  0  2  0  2  3  1  1  0
6  2  1  0  3  2  3  1  1  0  4
7  0  1  2  0  1  0  1  2  1  0
8  0  1  0  1  1  1  1  3  2  0
9  0  1  2  0  1  1  3  1  2  2

Все биграммы для ряда: 7631832111912183711593682463889314557389760542147608132911614655505801194438376107510199477292204779
   0  1  2  3  4  5  6  7  8  9
0  0  2  0  0  1  2  0  1  1  0
1  2  5  1  1  3  1  1  0  2  3
2  1  3  1  0  1  0  0  0  0  2
3  0  2  2  0  0  0  1  2  3  0
4  0  0  1  1  1  1  2  3  0  0
5  1  1  0  0  1  3  0  1  1  1
6  2  2  0  2  0  1  0  0  1  0
7  0  1  1  1  0  1  4  2  0  1
8  1  1  1  3  0  0  0  0  1  2
9  0  2  1  2  2  0  0  1  0  1

Все биграммы для ряда: 5260550142066809550630786316337194461615884795222991823742221542725086213372166119618018674351344710
   0  1  2  3  4  5  6  7  8  9
0  0  2  0  0  0  1  2  1  1  1
1  1  1  0  2  1  2  3  0  3  2
2  1  3  4  1  0  1  1  1  0  1
3  1  1  0  2  1  1  0  3  0  0
4  0  0  3  1  2  0  1  2  0  0
5  3  1  2  0  1  2  0  0  1  0
6  1  4  1  3  0  0  2  1  1  0
7  0  2  2  0  2  0  0  0  1  1
8  2  0  1  0  1  0  3  0  1  0
9  0  1  0  0  1  2  1  0  0  1

Все биграммы для ряда: 6738542999837167811219104409206416371097401799111808145823164894024479001275104504628926212724027388
   0  1  2  3  4  5  6  7  8  9
0  1  2  2  0  3  0  1  0  1  2
1  3  3  3  0  1  0  3  1  1  1
2  1  2  0  1  2  0  1  3  1  1
3  0  1  0  0  0  0  0  2  2  0
4  4  1  1  0  2  2  1  1  1  0
5  1  1  0  0  1  0  0  0  1  0
6  0  0  2  1  2  0  0  2  0  0
7  0  2  1  2  1  1  0  0  1  2
8  1  2  1  1  0  1  0  0  1  2
9  1  2  2  0  1  0  0  1  1  3

Все биграммы для ряда: 4943055527691836796453256218724234253856108108759514959345436508867800348518838104728877730866858011
   0  1  2  3  4  5  6  7  8  9
0  1  1  0  1  1  1  0  0  4  0
1  3  1  0  0  1  0  0  0  3  0
2  0  1  0  1  1  2  0  1  1  0
3  2  0  1  0  3  0  2  0  2  0
4  0  0  2  2  0  2  0  1  1  2
5  1  2  1  2  1  2  2  0  1  2
6  0  1  1  0  1  1  1  2  1  1
7  0  0  2  1  0  1  1  2  1  1
8  2  2  0  2  0  3  2  3  3  0
9  0  1  0  1  1  2  1  0  0  0

Все биграммы для ряда: 4857103747402610961797817530358723117217778467765917389983039675276497438077699832728068277871043919
   0  1  2  3  4  5  6  7  8  9
0  0  0  1  3  1  0  1  1  0  1
1  3  1  0  0  0  0  0  5  0  1
2  0  1  0  1  0  0  1  3  1  0
3  2  1  1  0  0  1  0  1  2  2
4  1  0  0  2  0  0  1  1  1  1
5  0  0  1  1  0  0  0  1  1  1
6  0  2  0  0  1  1  0  2  1  1
7  0  2  3  1  3  2  3  5  3  1
8  2  1  1  2  1  1  0  2  0  1
9  0  2  0  0  0  0  2  2  2  2

Все биграммы для ряда: 5060987564127294228287191203340335541205419321133155591950490396942722440581854777215679259612301758
   0  1  2  3  4  5  6  7  8  9
0  0  1  0  3  1  2  1  0  0  1
1  0  1  4  1  0  2  0  1  1  3
2  2  2  2  1  1  1  0  2  2  1
3  1  1  1  3  1  1  0  0  0  1
4  2  3  2  0  1  0  0  1  0  1
5  2  0  0  0  3  3  2  0  2  2
6  1  1  0  0  1  0  0  1  0  1
7  0  1  3  0  0  2  0  2  0  1
8  0  1  1  0  0  1  0  2  0  0
9  1  2  1  1  2  1  2  0  1  0

Все биграммы для ряда: 8707089827323760336895095823054056878305538061021165806066441466372962272408473305625608092988323667
   0  1  2  3  4  5  6  7  8  9
0  0  0  1  1  0  4  3  1  3  2
1  1  1  0  0  1  0  1  0  0  0
2  0  1  1  3  1  1  0  2  0  2
3  3  0  2  2  0  0  2  2  1  0
4  2  1  0  0  1  0  1  1  0  0
5  1  0  0  1  1  1  3  0  2  0
6  3  1  2  1  1  1  3  1  2  0
7  2  0  2  2  0  0  1  0  1  0
8  3  0  2  2  1  0  0  2  1  2
9  0  0  1  0  0  2  1  0  2  0

Все биграммы для ряда: 5086674349571875654814138978644476667923180485781822961097599734780506143971129313974368487972379545
   0  1  2  3  4  5  6  7  8  9
0  0  0  0  0  1  1  1  0  1  1
1  1  1  1  2  2  0  0  0  3  0
2  0  0  1  2  0  0  0  0  0  2
3  0  2  0  0  2  0  1  1  1  2
4  0  1  0  3  2  1  0  2  3  1
5  2  0  0  0  2  0  1  2  0  1
6  0  2  0  0  1  1  3  2  1  0
7  0  2  1  1  2  2  1  0  3  3
8  2  2  1  0  1  1  2  2  0  1
9  0  0  1  1  0  2  1  6  0  1

Все биграммы для ряда: 0050155071866863976630052245616821230377991514050592423160579378692506029873015756297955955136465932
   0  1  2  3  4  5  6  7  8  9
0  2  2  1  1  0  5  1  1  0  0
1  0  0  1  1  1  3  2  0  1  0
2  0  1  1  2  2  1  0  0  0  2
3  3  1  1  0  0  0  1  2  0  1
4  1  0  1  0  0  1  1  0  0  0
5  4  2  1  0  0  3  2  2  0  3
6  2  1  1  2  1  1  2  0  2  1
7  0  1  0  1  0  1  1  1  1  3
8  0  0  1  0  0  0  3  1  0  0
9  0  1  2  2  0  2  0  2  1  1

Все биграммы для ряда: 6461104164170605901074098920041132146430663097091858534244228272906885823796036309554413725554308925
   0  1  2  3  4  5  6  7  8  9
0  1  1  0  1  2  1  3  1  1  4
1  2  2  0  2  1  0  1  1  1  0
2  1  1  1  1  1  2  0  1  1  1
3  4  0  1  0  1  0  1  2  0  0
4  1  4  2  2  2  0  2  0  0  0
5  0  0  0  1  2  3  0  0  2  1
6  2  1  0  2  3  0  1  0  1  0
7  2  0  2  0  1  0  0  0  0  1
8  0  0  2  0  0  3  0  0  1  2
9  2  1  2  0  0  1  1  1  1  0

Все биграммы для ряда: 0421057981674445081495324824912828357403527681731723340721028721547048194665875063654263092502004527
   0  1  2  3  4  5  6  7  8  9
0  1  0  2  1  3  1  1  1  1  1
1  2  0  1  0  1  1  1  2  0  1
2  1  3  0  1  2  1  1  2  3  0
3  1  1  1  1  1  2  1  0  0  0
4  2  0  2  0  2  2  1  1  2  2
5  3  0  2  1  2  0  0  2  1  0
6  0  0  0  2  0  2  1  1  1  0
7  1  0  3  1  2  1  1  0  0  1
8  0  4  2  1  0  0  0  2  0  0
9  0  1  1  0  1  1  0  0  1  0

Все биграммы для ряда: 5116027715202770681945307667305782723077874171953687599359225335108521615837540809621467262172900650
   0  1  2  3  4  5  6  7  8  9
0  1  0  2  0  0  1  2  2  2  1
1  1  1  0  0  1  2  2  2  0  2
2  1  3  1  1  0  1  1  3  0  1
3  3  0  0  1  0  2  1  1  0  0
4  1  1  0  0  0  1  1  0  0  0
5  1  2  2  3  1  0  0  1  1  2
6  1  1  2  0  0  1  1  2  2  0
7  1  2  3  1  1  2  1  3  2  0
8  1  1  1  1  0  1  0  2  0  0
9  1  0  1  1  1  1  1  0  0  1

Все биграммы для ряда: 6601886358299440886595396372272068614536885906775322271505469064995167461273471519668343378986966431
   0  1  2  3  4  5  6  7  8  9
0  0  1  0  0  0  1  3  0  1  0
1  0  0  1  0  1  2  1  0  1  1
2  1  0  3  0  0  0  0  3  0  1
3  0  1  1  1  2  1  1  2  0  1
4  1  0  0  2  1  1  2  1  0  1
5  1  2  0  3  1  0  0  0  1  2
6  1  2  0  2  2  1  3  2  3  2
7  0  2  2  1  1  1  0  1  1  0
8  0  0  1  1  0  1  4  0  3  1
9  2  0  0  0  1  2  3  0  1  2

Все биграммы для ряда: 3447128857650332011330836520272011071231757484602833331650709728159453545983772820634693898137877414
   0  1  2  3  4  5  6  7  8  9
0  0  2  2  1  0  0  1  2  1  1
1  1  2  2  2  1  1  1  1  0  0
2  4  0  0  1  0  0  0  1  4  0
3  1  2  1  5  2  1  1  2  1  0
4  0  1  0  0  1  2  2  1  1  0
5  2  0  1  1  1  0  0  2  0  2
6  1  0  0  1  0  3  0  0  0  1
7  1  2  3  0  2  1  1  2  1  0
8  0  2  1  3  1  1  0  1  1  1
9  0  0  0  1  1  0  0  1  2  0

Все биграммы для ряда: 3901570042272825248873981065114118613528392127154755147606107081675522517416644371612321477992648523
   0  1  2  3  4  5  6  7  8  9
0  1  1  0  0  1  0  2  1  1  0
1  2  2  2  1  3  2  3  1  1  0
2  0  2  2  2  1  2  1  2  2  0
3  0  0  1  0  0  1  0  1  0  3
4  0  2  1  1  1  0  0  3  2  0
5  0  3  4  0  1  2  0  1  0  0
6  1  3  0  0  2  1  1  1  0  0
7  2  2  1  1  1  2  1  1  0  1
8  0  2  1  1  0  1  1  1  1  0
9  1  0  2  0  0  0  0  0  1  1

Все биграммы для ряда: 7604771585784434284482092162702714390083434856089375946417999112598668062259213668204909278079280072
   0  1  2  3  4  5  6  7  8  9
0  2  0  1  0  2  0  1  2  2  2
1  0  1  1  1  1  1  1  1  0  0
2  2  2  1  0  0  2  0  3  2  0
3  0  0  0  0  3  0  1  1  0  1
4  0  1  1  3  2  0  1  1  2  1
5  0  0  0  0  0  0  1  1  1  3
6  2  0  2  0  1  0  2  0  2  0
7  1  2  1  0  0  1  1  1  2  2
8  3  0  2  1  2  2  1  0  0  1
9  2  1  4  1  1  0  0  0  1  2

Все биграммы для ряда: 4747616826796149686141245732424448059664239542620403409298499851835435621155793787638916542604404382
   0  1  2  3  4  5  6  7  8  9
0  0  0  0  1  3  1  0  0  0  1
1  0  1  1  0  2  1  2  0  1  0
2  1  1  0  1  3  0  3  0  0  1
3  0  0  1  0  1  2  0  1  2  1
4  3  1  4  2  3  1  0  2  1  2
5  0  1  0  0  3  1  1  2  0  1
6  1  3  2  1  1  1  1  1  2  0
7  0  0  0  1  1  0  2  0  1  2
8  1  0  2  1  1  1  1  1  0  1
9  0  1  1  1  0  1  3  0  2  1

Все биграммы для ряда: 2273840491274506396043168081160456780862781498948060603650588375379247710063397593178360938238408768
   0  1  2  3  4  5  6  7  8  9
0  1  0  0  1  3  1  4  0  3  1
1  1  1  1  0  1  0  2  1  0  0
2  0  0  1  1  1  0  0  3  0  0
3  0  2  0  1  0  0  2  2  3  2
4  2  0  0  1  0  2  0  1  1  2
5  2  0  0  1  0  0  1  0  1  1
6  5  0  1  2  0  1  0  1  2  0
7  0  1  0  1  1  2  1  1  3  1
8  3  2  1  2  2  0  1  1  1  1
9  0  1  1  2  1  0  1  1  1  0

Все биграммы для ряда: 2379762846174713703394574601938701009128523845646236947450506316398128531703191672591098403294653370
   0  1  2  3  4  5  6  7  8  9
0  1  2  0  3  0  1  1  0  0  2
1  2  0  2  1  0  0  2  2  0  2
2  0  0  0  3  0  1  0  0  3  1
3  0  3  1  2  0  0  1  3  2  2
4  1  0  0  0  0  3  4  2  0  0
5  2  0  1  2  0  0  1  1  0  1
6  1  1  2  2  1  1  0  1  0  1
7  4  1  1  0  3  0  1  0  0  1
8  0  1  0  0  3  2  0  1  0  0
9  0  3  0  1  3  0  0  1  2  0

Все биграммы для ряда: 3111754014648216318014396155242210788313922742501616790978378676035527746772293595304296039131151231
   0  1  2  3  4  5  6  7  8  9
0  0  3  0  2  1  0  0  1  0  1
1  1  3  1  2  2  2  3  1  1  0
2  0  2  3  1  1  1  0  2  0  2
3  1  5  0  0  0  2  0  1  0  3
4  1  0  3  1  0  0  2  0  1  0
5  1  1  2  1  1  2  0  0  0  1
6  2  2  0  1  1  0  0  3  0  0
7  0  0  1  0  2  1  1  2  3  1
8  1  0  1  2  0  0  1  0  1  0
9  1  1  1  1  0  1  2  1  0  0

Все биграммы для ряда: 7650495405573750364140383381714230408553095801682686550489058944324446266421884012623510054924577452
   0  1  2  3  4  5  6  7  8  9
0  1  2  0  2  3  3  0  0  1  1
1  1  0  1  0  2  0  1  1  1  0
2  0  1  0  2  2  0  3  0  0  0
3  2  0  1  1  0  1  1  1  2  0
4  4  1  2  1  3  2  1  0  1  2
5  3  1  1  1  2  3  0  2  2  0
6  0  0  2  0  2  2  1  0  2  0
7  0  1  0  1  1  1  1  1  0  0
8  1  1  1  1  1  1  1  0  1  2
9  1  0  1  0  1  2  0  0  0  0

Все биграммы для ряда: 7364126201015418452775115486736357847300247485883334241287952533570750531397573997437348457250023007
   0  1  2  3  4  5  6  7  8  9
0  3  2  2  0  0  1  0  2  0  0
1  1  1  2  1  0  2  0  0  1  0
2  1  0  0  1  2  2  1  1  1  0
3  2  1  0  3  2  2  2  1  0  2
4  0  3  1  1  0  2  0  2  3  0
5  2  1  2  2  2  0  0  4  1  0
6  0  0  1  1  1  0  0  1  0  0
7  1  0  1  5  2  3  0  1  1  1
8  0  0  0  1  3  1  1  1  1  0
9  0  0  0  0  0  1  0  2  0  1

